95
121 121 11
3748 207521 4
121 132 1
8483 164651 3
0 100 2
9412 458712 2
22322 22322 1
2433 588437 7
6574 530230 2
2789 205886 5
3127 909969 3
6153 882984 8
3725 832955 1
2675 641763 3
121 131 1
2791 674701 5
8989 909410 5
3976 759716 7
2519 171840 3
6916 519450 6
4827 379304 8
6673 645665 9
1363 123520 8
3376 156586 6
9352 507517 9
886 56750 8
9628 221919 9
3568 887100 8
6311 744038 5
6760 325542 7
0 1000000000000000000 1000000000
3263 62970 1
2590 45700 5
4017 755925 4
0 1000000000000000000 1
5272 393026 2
100000 1000000000000000000 3
1925 194236 4
9151 163110 6
4131 988357 1
1396 974496 5
1000000000 1000000000000000000 1
7075 952308 3
4766 385349 3
34432 9999920 222
8892 186601 5
852 514597 2
0 132 1
9705 834597 8
2965 769993 4
1002 914907 8
3491 376189 1
9929 160753 4
5811 811662 1
7998 968182 1
981 265444 4
10 22322 2
2684 313879 3
7597 115191 5
4609 64949 8
5579 763362 2
7977 626769 9
8129 512819 4
4401 792858 5
5230 55195 9
9324 755359 1
646 753992 3
3459 893118 8
1616 875376 6
1516 476245 5
4370 274443 1
5759 165757 6
2228 961000 6
9974 603759 9
9523 81976 5
9481 668314 4
1209 371972 7
8135 346033 4
1813 539974 3
5992 237133 9
8764 690922 4
2035 587687 6
4945 279540 7
999 99999 78788
7243 39232 6
5649 246089 1
21345 4441283 13
8429 327368 2
39 1000000 3
332 539995 7
5630 555906 6
3825 934105 6
2871 611476 1
490 499674 1
701 837097 8
