100
1616 875376 6
9523 81976 5
121 121 11
2871 611476 1
0 100 2
4370 274443 1
22322 22322 1
4131 988357 1
8892 186601 5
1712 931656 3
5811 811662 1
2965 769993 4
701 837097 8
121 131 1
8989 909410 5
4827 379304 8
3725 832955 1
2228 961000 6
8429 327368 2
9705 834597 8
490 499674 1
852 514597 2
100000 1000000000000000000 3
1002 914907 8
4017 755925 4
1813 539974 3
9325 343906 8
5230 55195 9
5630 555906 6
7075 952308 3
6153 882984 8
2519 171840 3
6311 744038 5
7597 115191 5
2791 674701 5
2675 641763 3
9332 549970 6
7243 39232 6
5759 165757 6
1000000000 1000000000000000000 1
39 1000000 3
9352 507517 9
6673 645665 9
1925 194236 4
6916 519450 6
8764 690922 4
0 1000000000000000000 1000000000
121 132 1
5272 393026 2
21345 4441283 13
9324 755359 1
3263 62970 1
0 132 1
332 539995 7
3976 759716 7
9929 160753 4
400 793131 4
1396 974496 5
4609 64949 8
9151 163110 6
2684 313879 3
10 22322 2
6574 530230 2
3748 207521 4
3127 909969 3
3376 156586 6
981 265444 4
2035 587687 6
4766 385349 3
3459 893118 8
3568 887100 8
3491 376189 1
9974 603759 9
8135 346033 4
2433 588437 7
9412 458712 2
2590 45700 5
3825 934105 6
5992 237133 9
4945 279540 7
7998 968182 1
2789 205886 5
9628 221919 9
646 753992 3
258 978067 6
4401 792858 5
1209 371972 7
1516 476245 5
34432 9999920 222
5579 763362 2
6760 325542 7
0 1000000000000000000 1
9481 668314 4
999 99999 78788
8483 164651 3
7977 626769 9
8129 512819 4
1363 123520 8
886 56750 8
5649 246089 1
