100
5
6865010
3702389
9987391
3410821
6
1281246
4046177
559513
1
9
2610613
8873129
4751053
4125389
4170220
1403870
9010879
6697461
8763892
9999161
9999996
3855409
615403
4461641
5462959
8460583
9325574
3023326
10
1264969
6463741
592432
9999929
9999991
6987083
9999930
9999972
8697851
2044523
7
4461642
1144
1862603
1507483
7203246
11
2295773
9999931
4936439
86293
3
6537523
4
9999971
6716541
4572049
3910981
5094841
5331653
9999997
2360890
13
9299449
9999998
3132736
8291470
5103067
9999995
3877633
9309119
390548
7742461
1481717
5388168
9999163
9999999
4461643
9682616
8184167
7762723
2
8237213
9971849
3191803
3949061
8
3323191
1221469
2196613
8248729
9999973
140839
1750607
9999162
983469
10000000
12
3929879
6735763
